Name : 10i120-46
DIMENSION : 120
NUMBER_OF_CLUSTERS: 10
NODE_COORD_SECTION
1 760  728
2 676  174
3 170  857
4 545  741
5 240  587
6 970  94
7 51  411
8 384  154
9 969  892
10 776  821
11 516  221
12 1002  645
13 939  180
14 37  520
15 404  -60
16 1114  857
17 981  660
18 516  86
19 581  550
20 950  825
21 169  463
22 96  494
23 655  671
24 787  788
25 404  887
26 783  870
27 1114  592
28 61  479
29 427  -3
30 1109  831
31 334  446
32 316  96
33 957  1023
34 359  748
35 148  523
36 248  893
37 893  492
38 1096  885
39 867  1008
40 844  612
41 317  426
42 95  703
43 948  635
44 816  994
45 351  911
46 881  844
47 262  811
48 385  756
49 339  26
50 377  864
51 738  800
52 870  822
53 347  146
54 909  900
55 871  520
56 423  104
57 1012  541
58 266  366
59 326  474
60 -1  660
61 233  618
62 963  1013
63 589  68
64 602  983
65 203  396
66 861  748
67 975  778
68 1009  1009
69 406  928
70 347  869
71 1069  958
72 856  590
73 161  521
74 985  618
75 394  -32
76 618  19
77 885  766
78 826  956
79 413  2
80 523  200
81 242  830
82 1021  618
83 826  990
84 1022  949
85 1012  852
86 744  877
87 264  508
88 814  896
89 1038  968
90 925  267
91 940  787
92 242  587
93 352  -56
94 1119  909
95 209  77
96 841  103
97 1063  887
98 714  913
99 796  957
100 433  43
101 1087  595
102 161  548
103 521  330
104 312  705
105 54  485
106 52  581
107 145  292
108 973  826
109 902  882
110 208  436
111 809  807
112 474  -52
113 153  516
114 358  312
115 1018  229
116 821  987
117 949  271
118 390  756
119 384  90
120 814  727	
CLUSTER_SECTION:
1 3 -1
2 12 16 26 51 -1
3 5 21 31 65 87 -1
4 17 74 -1
5 7 42 -1
6 9 84 89 94 -1
7 2 80 100 112 -1
8 6 13 -1
9 15 56 -1
10 1 52 -1
