Name : 10i60-21
DIMENSION : 60
NUMBER_OF_CLUSTERS: 10
NODE_COORD_SECTION
1 840  684
2 818  388
3 1039  415
4 392  14
5 807  765
6 1052  551
7 330  667
8 1108  870
9 507  372
10 556  67
11 1138  545
12 150  92
13 917  746
14 10  251
15 742  254
16 411  1126
17 894  745
18 461  102
19 680  404
20 62  870
21 812  379
22 826  427
23 1118  560
24 105  947
25 282  -76
26 698  509
27 1046  1016
28 403  576
29 862  249
30 851  533
31 839  409
32 566  -30
33 571  144
34 1045  513
35 840  120
36 452  348
37 986  321
38 504  292
39 1019  727
40 117  44
41 63  358
42 810  598
43 158  904
44 29  -82
45 -90  79
46 175  819
47 912  414
48 857  483
49 555  853
50 281  62
51 583  745
52 730  604
53 326  111
54 669  977
55 857  478
56 153  242
57 657  205
58 837  259
59 397  965
60 259  98	
CLUSTER_SECTION:
1 13 -1
2 9 -1
3 7 46 -1
4 2 15 33 -1
5 24 -1
6 19 -1
7 1 27 -1
8 3 5 -1
9 4 10 12 -1
10 21 48 -1
