Name : 10i65-21
DIMENSION : 65
NUMBER_OF_CLUSTERS: 10
NODE_COORD_SECTION
1 845  695
2 817  384
3 1035  419
4 391  19
5 813  756
6 1042  541
7 326  680
8 1102  874
9 493  365
10 548  70
11 1130  544
12 158  93
13 915  746
14 16  249
15 744  255
16 403  1121
17 896  753
18 457  104
19 676  410
20 68  874
21 812  382
22 831  431
23 1112  558
24 115  945
25 285  -68
26 693  511
27 1042  1014
28 409  576
29 859  251
30 855  533
31 837  404
32 557  -23
33 580  150
34 1041  514
35 838  126
36 457  356
37 978  320
38 498  286
39 1013  727
40 119  50
41 67  352
42 810  593
43 161  907
44 34  -71
45 -80  84
46 176  825
47 908  416
48 855  482
49 547  854
50 284  65
51 583  738
52 733  598
53 327  112
54 677  968
55 855  477
56 153  240
57 662  209
58 836  267
59 396  963
60 262  99
61 712  662
62 203  190
63 196  1062
64 1063  451
65 1002  515
CLUSTER_SECTION:
1 13 -1
2 9 -1
3 7 16 43 -1
4 2 15 -1
5 24 -1
6 19 36 51 -1
7 1 -1
8 3 22 23 -1
9 4 53 -1
10 21 58 -1
