Name : 10i70-21
DIMENSION : 70
NUMBER_OF_CLUSTERS: 10
NODE_COORD_SECTION
1 848  705
2 816  381
3 1032  423
4 389  24
5 818  748
6 1033  532
7 322  691
8 1096  877
9 481  359
10 541  73
11 1123  544
12 165  95
13 914  746
14 21  247
15 746  257
16 396  1116
17 898  761
18 453  105
19 672  416
20 74  878
21 812  384
22 835  435
23 1106  558
24 124  944
25 287  -60
26 688  513
27 1039  1012
28 415  575
29 856  252
30 858  533
31 836  400
32 550  -17
33 587  155
34 1037  515
35 836  133
36 461  364
37 971  319
38 493  281
39 1008  728
40 121  55
41 70  346
42 810  588
43 163  910
44 39  -61
45 -71  88
46 178  831
47 904  417
48 853  481
49 540  856
50 286  67
51 582  732
52 736  592
53 328  113
54 684  960
55 853  476
56 154  239
57 667  212
58 835  274
59 395  960
60 265  101
61 718  665
62 201  190
63 202  1056
64 1056  462
65 994  513
66 405  160
67 960  705
68 290  957
69 997  547
70 362  363
CLUSTER_SECTION:
1 13 -1
2 9 62 -1
3 7 20 -1
4 2 6 -1
5 24 -1
6 19 26 28 -1
7 1 -1
8 3 5 11 -1
9 4 32 -1
10 21 42 -1
