Name : 10i90-33
DIMENSION : 90
NUMBER_OF_CLUSTERS: 10
NODE_COORD_SECTION
1 675  614
2 896  38
3 828  201
4 825  230
5 291  927
6 227  135
7 96  258
8 365  783
9 106  694
10 817  258
11 436  845
12 630  325
13 -177  606
14 153  720
15 375  774
16 181  313
17 798  254
18 781  306
19 857  361
20 98  760
21 314  240
22 459  619
23 224  409
24 682  443
25 173  500
26 513  583
27 903  675
28 244  858
29 760  306
30 881  331
31 732  487
32 669  633
33 871  337
34 328  220
35 317  343
36 900  423
37 707  758
38 119  249
39 737  174
40 800  327
41 358  322
42 444  966
43 277  842
44 722  377
45 132  241
46 387  399
47 855  222
48 543  360
49 577  440
50 306  125
51 910  180
52 867  404
53 635  466
54 82  770
55 289  257
56 803  115
57 162  255
58 792  356
59 924  576
60 414  424
61 363  519
62 316  387
63 765  365
64 579  277
65 171  355
66 408  745
67 574  664
68 86  653
69 1055  395
70 920  234
71 299  502
72 396  734
73 660  364
74 211  633
75 631  221
76 78  505
77 881  519
78 202  354
79 703  451
80 310  82
81 19  711
82 120  825
83 185  194
84 238  710
85 935  571
86 85  659
87 196  604
88 834  172
89 156  334
90 496  563
CLUSTER_SECTION:
1 9 -1
2 27 37 69 -1
3 2 4 -1
4 1 26 48 -1
5 5 11 14 -1
6 25 57 -1
7 12 49 -1
8 3 -1
9 6 80 83 -1
10 7 23 -1
