Name : 5i65-21
DIMENSION : 65
NUMBER_OF_CLUSTERS: 5
NODE_COORD_SECTION
1 290  997
2 366  980
3 197  157
4 77  1173
5 298  958
6 709  379
7 758  322
8 876  451
9 303  726
10 267  949
11 470  590
12 941  210
13 1199  913
14 557  830
15 975  306
16 167  853
17 915  746
18 722  797
19 115  159
20 348  333
21 735  89
22 466  864
23 326  833
24 13  86
25 365  826
26 676  193
27 957  320
28 -29  1035
29 294  692
30 343  934
31 881  350
32 59  999
33 230  155
34 700  295
35 208  308
36 566  737
37 -49  54
38 886  276
39 209  30
40 107  779
41 349  224
42 507  1046
43 1013  727
44 825  598
45 773  900
46 363  1037
47 106  119
48 740  477
49 626  632
50 121  37
51 461  860
52 408  926
53 403  944
54 293  825
55 233  1161
56 286  1042
57 336  872
58 677  968
59 408  921
60 859  788
61 33  113
62 389  711
63 252  1053
64 271  859
65 712  662	
CLUSTER_SECTION:
1 13 -1
2 3 20 33 39 -1
3 1 32 40 -1
4 6 12 15 -1
5 2 22 52 -1
