Name : 5i70-21
DIMENSION : 70
NUMBER_OF_CLUSTERS: 5
NODE_COORD_SECTION
1 287  997
2 366  977
3 195  158
4 82  1167
5 295  959
6 712  376
7 759  321
8 873  446
9 300  735
10 265  950
11 466  601
12 935  213
13 1187  907
14 550  833
15 968  306
16 174  855
17 914  746
18 727  795
19 117  161
20 341  328
21 737  97
22 462  865
23 322  839
24 19  90
25 365  828
26 680  197
27 951  320
28 -20  1034
29 296  700
30 338  936
31 878  348
32 65  998
33 227  156
34 703  295
35 207  304
36 559  743
37 -42  59
38 882  277
39 207  37
40 111  787
41 342  223
42 502  1041
43 1008  728
44 827  603
45 776  894
46 363  1032
47 108  122
48 745  487
49 635  636
50 123  43
51 457  861
52 406  925
53 396  946
54 295  827
55 232  1155
56 289  1036
57 337  873
58 684  960
59 406  920
60 860  787
61 38  116
62 388  718
63 251  1050
64 274  861
65 718  665
66 907  738
67 58  1146
68 1056  462
69 547  957
70 414  920	
CLUSTER_SECTION:
1 13 68 -1
2 3 20 35 -1
3 1 28 30 67 -1
4 6 7 -1
5 2 11 42 -1
