Name : 7i60-21
DIMENSION : 60
NUMBER_OF_CLUSTERS: 7
NODE_COORD_SECTION
1 677  1020
2 841  923
3 249  622
4 244  1080
5 660  446
6 607  441
7 428  796
8 478  1243
9 275  -121
10 517  808
11 507  372
12 1156  889
13 759  576
14 365  519
15 917  746
16 10  251
17 168  946
18 356  338
19 303  683
20 1061  924
21 904  135
22 7  82
23 956  885
24 447  458
25 739  591
26 535  345
27 882  746
28 922  240
29 455  954
30 627  307
31 288  941
32 472  564
33 265  1101
34 781  397
35 -3  836
36 666  544
37 266  812
38 676  79
39 412  1013
40 1104  1114
41 1019  727
42 117  44
43 769  906
44 954  1104
45 103  116
46 29  -82
47 616  627
48 120  31
49 1056  920
50 1001  989
51 985  251
52 881  884
53 807  476
54 874  1110
55 541  538
56 669  977
57 1001  984
58 153  242
59 83  897
60 981  765	
CLUSTER_SECTION:
1 2 -1
2 9 46 58 -1
3 4 31 -1
4 21 -1
5 3 10 19 -1
6 5 24 25 -1
7 1 44 -1
