Name : 7i65-21
DIMENSION : 65
NUMBER_OF_CLUSTERS: 7
NODE_COORD_SECTION
1 688  1018
2 842  916
3 254  633
4 243  1076
5 656  450
6 606  446
7 434  787
8 468  1233
9 271  -108
10 511  812
11 493  365
12 1148  892
13 751  575
14 373  520
15 915  746
16 16  249
17 170  947
18 348  333
19 305  691
20 1057  926
21 900  141
22 13  86
23 956  888
24 452  462
25 733  589
26 545  343
27 885  754
28 917  242
29 451  952
30 633  307
31 285  943
32 476  564
33 263  1096
34 772  404
35 6  842
36 662  545
37 264  818
38 681  87
39 404  1012
40 1098  1108
41 1013  727
42 119  50
43 773  900
44 954  1099
45 106  119
46 34  -71
47 626  632
48 121  37
49 1052  922
50 999  988
51 977  252
52 884  887
53 807  469
54 877  1104
55 542  539
56 677  968
57 999  983
58 153  240
59 88  901
60 980  773
61 826  361
62 862  921
63 712  662
64 203  190
65 626  460	
CLUSTER_SECTION:
1 2 -1
2 9 45 48 -1
3 4 8 -1
4 21 51 53 -1
5 3 -1
6 5 6 7 -1
7 1 20 52 -1
